8
22
22
5
5
8
30
52
30
19
91
12
31
1
3
17
19
9
5
9
8
52
15
28
5
7
41
12
41
1
23
28
47
23
98
24
1
17
6
5
35
84
55
2
4
8
7
82
8
69
5
8
0
3
10
5
41
9
6
15
6
64
13
11
6
4
5
31
0
47
7
1
4
79
33
13
43
28
25
11
8
72
8
13
39
23
15
37
22
3
8
10
3
4
43
3
2
4
87
60
2
49
5
16
51
53
37
2
7
4
46
12
13
16
10
20
23
65
9
7
14
25
30
34
4
4
2
36
45
37
0
6
45
4
15
50
1
16
13
4
15
80
3
20
1
8
17
4
85
5
99
8
24
70
100
31
20
60
89
74
23
71
9
18
4
5
82
50
6
68
35
59
42
47
83
70
11
17
7
29
74
59
5
8
7
31
20
2
3
26
87
8
31
54
43
30
9
6
7
89
54
72
6
31
29
32
2
44
91
62
5
9
2
99
50
79
27
34
93
6
7
4
5
14
47
21
8
18
36
90
19
27
6
41
58
75
8
7
83
0
13
5
1
9
55
1
11
36
8
11
9
55
26
43
59
75
4
5
9
3
3
45
10
3
5
15
14
1
6
4
9
9
3
7
74
88
8
4
8
85
9
5
8
3
7
35
100
11
8
21
73
9
7
5
2
2
81
9
41
7
55
68
39
3
14
3
1
2
96
9
2
38
9
1
4
4
20
14
77
2
7
6
7
27
0
1
60
6
9
3
22
22
8
21
1
14
5
4
1
8
54
57
3
2
10
19
39
14
47
30
6
7
8
28
4
18
5
13
1
8
4
15
43
11
4
9
24
2
85
10
5
76
4
3
0
3
4
10
86
28
27
6
23
23
0
2
0
19
61
13
9
5
38
4
50
8
12
7
12
3
3
99
3
8
40
56
15
16
8
31
9
4