21
8
93
12
72
100
64
93
7
30
6
6
89
1
2
2
48
10
44
0
9
51
1
12
6
72
3
8
87
6
8
1
57
10
12
14
4
1
50
65
5
9
22
98
9
4
58
26
67
9
20
1
8
64
7
59
7
76
34
5
11
64
4
47
5
8
7
71
1
15
1
41
2
5
10
40
9
9
6
11
10
34
34
1
5
18
4
1
66
11
16
30
14
3
2
84
3
54
16
8
88
33
7
5
8
71
6
18
0
4
10
15
5
54
91
31
14
20
3
33
55
17
1
1
33
95
9
58
40
9
34
80
58
11
8
10
1
7
84
1
1
90
73
22
21
9
32
21
48
22
10
15
36
40
7
49
17
8
8
66
5
5
6
25
8
34
15
40
8
10
1
12
5
6
0
82
5
99
26
13
43
1
0
5
47
56
4
4
8
6
4
16
4
70
33
1
2
58
92
12
6
25
42
35
4
3
9
11
13
11
12
14
6
20
18
76
6
33
4
68
8
7
5
99
32
8
2
25
4
83
5
8
7
80
5
21
42
21
25
10
10
66
86
9
17
31
0
56
23
13
16
9
89
9
38
20
9
26
5
43
3
73
3
2
9
14
5
14
4
3
7
67
5
7
62
4
38
25
2
13
6
56
10
7
43
24
2
12
2
64
42
65
2
2
26
63
7
8
75
0
25
2
12
80
8
19
10
25
12
12
0
58
22
1
63
7
45
61
7
9
17
84
5
38
96
21
18
1
3
0
2
64
63
9
4
9
0
8
0
56
14
23
3
9
20
8
9
9
0
40
13
78
53
1
77
36
10
10
20
36
27
92
68
11
86
2
19
9
8
8
16
26
98
9
8
19
9
10
17
33
51
3
34
48
63
12
5
10
16
7
50
5
4
21
33
1
15
1
1
20
4
22
13
21
15
5
2
7
2
5
13
8
40
9
2
8
3
5
4
0
18
2
3
7
15
92
4
36
42
9
21
10
11
53
1
1
14
68
8
5
8
7
43
3
76
2
8
14
7
14
76
1
6
18
21
5
65
18
1
69
21
20
8
41
4
9
89
8
83
4
25
0
30
5
2
5
3
14
11
5
12
1
20
7
42
7
35
0
15
20
21
1
5
1
32
28
4
6
12
58
5
55
6
9
6
30
8
4
4
48
3
11
12
8
13
4
1
31
39
50
7
50
7
7
6
7
12
5
21
14
3
6
24
16
18
22
41
7
3
12
17
2
1
19
0
2
4
35
25
48
2
31
71
64
4
1
57
36
9
7
71
9
88
57
99
68
4
3
6
0
63
2
24
8
43
5
54
7
2
39
17
9
3
44
18
39
3
35
57
12
37
2
70
6
76
2
77
5
5
18
6
58
5
1
51
81
3
28
58
10
16
3
28
41
1
64
16
65
8
6
31
10
32
3
23
16
4
12
4
3
38
6
62
3
10
33
73
11
6
8
32
11
12
2
5
33
11
2
0
5
28
77
23
7
24
55
13
2
2
23
4
29
38
65
15
55
0
5
5
16
47
9
4
62
5
39
7
27
3
69
85
63
8
21
5
1
8
7
5
17
8
1
38
8
9
6
69
9
3
7
26
3
5
4
9
2
8
21
77
5
34
45
16
1
19
57
6
72
12
27
43
3
5
7
1
95
24
4
4
24
55
13
4
1
54
7
47
28
2
7
15
39
32
14
0
16
11
6
4
12
3
3
8
28
48
7
59
12
7
3
71
18
4
1
6
5
7
2
20
14
5
14
3
16
38
30
3
9
2
2
75
49
8
8
20
19
70
4
81
8
1
24