15
48
34
96
11
8
55
15
2
5
11
13
43
11
5
51
66
7
10
37
6
44
84
58
1
15
66
9
18
3
18
7
15
22
41
7
2
60
5
11
36
86
1
28
21
57
79
20
4
22
5
1
0
10
14
42
0
25
19
50
5
4
0
10
18
14
3
2
7
9
10
5
7
6
90
8
20
0
4
46
2
8
15
42
13
13
13
4
3
6
52
43
9
95
28
46
21
4
6
49
56
4
15
6
8
9
15
8
10
19
3
54
70
2
34
5
85
8
58
5
18
9
8
56
5
20
6
71
2
25
45
16
5
77
6
28
36
1
9
18
41
1
91
8
69
2
5
52
29
6
22
6
54
48
96
45
16
3
41
4
2
4
25
0
14
10
32
3
5
55
9
70
9
2
9
74
8
41
10
55
43
87
22
71
2
20
4
25
8
34
1
44
56
5
28
5
35
33
83
27
67
7
14
15
17
2
11
58
8
10
63
63
8
5
12
33
36
43
51
63
15
86
7
9
26
4
3
13
3
2
16
70
4
32
6
57
19
5
42
0
6
43
7
9
3
7
8
11
3
35
66
5
22
31
25
9
65
6
91
60
7
72
74
27
7
33
12
13
3
9
82
7
10
84
50
9
2
2
73
97
9
4
8
23
55
13
6
7
1
55
3
1
61
60
65
5
17
8
11
53
33
15
12
8
6
24
67
5
7
98
13
24
3
21
7
2
45
16
9
20
34
2
0
7
5
19
62
33
54
1
45
6
34
6
88
8
30
7
9
18
37
10
4
4
14
6
4
10
6
19
7
3
79
25
78
8
15
7
39
1
36
20
32
3
12
18
69
8
9
8
13
81
7
1
4
47
7
40
2
35
7
11
7
6
69
6
3
6
1
99
19
18
69
21
8
7
2
6
41
7
14
76
54
29
2
6
7
12
7
17
7
6
14
16
0
25
54
32
2
35
8
7
16
23
5
20
10
19
31
66
12
14
4
11
31
2
78
16
8
1
73
55
30
35
56
28
9
28
5
25
42
27
16
36
6
4
3
14
4
5
4
5
8
18
7
8
10
1
4
9
26
15
3
26
9
9
17
0
2
27
20
56
4
10
10
7
16
58
0
93
36
10
4
9
47
26
1
13
8
86
6
18
0
46
9
1
8
1
3
4
17
98
34
8
3
10
7
0
9
15
5
7
81
16
3
7
32
43
30
4
24
25
9
66
31
10
3
10
4
7
27
6
19
2
41
12
15
9
77
61
10
13
60
25
44
9
4
62
4
65
6
4
15
44
13
55
0
0
24
9
0
45
5
14
13
4
11
25
4
21
18
24
3
21
5
7
25
1
2
3
58
27
4
42
18
20
14
6
8
4
6
31
69
13
12
16
81
2
67
28
8
9
1
2
4
7
11
33
9
8
1
4
8
28
3
57
16
49
1
7
13
60
67
14
13
90
26
35
16
63
98
21
94
14
2
8
2
6
29
6
29
89
3
7
23
12
35
14
22
26
19
4
72
5
26
3
9
51
5
16
6
72
10
36
31
15
75
31
8
9
5
0
53
40
7
93
14
14
2
71
1
78
4
21
8
36
2
83
1
15
50
9
11
25
76
8
7
62
8
3
14
33
4
31
1
32
37
8
3
5
6
10
27
3
14
4
6
95
44
69
6
18
11
67
16
15
16
14
39
63
24
34
13
26
10
26
6
11
1
1
7
10
9
3
5
12
14
0
36
19
11
55
9
1
21
48
83
7
2
96
1
49
33
45
1
26
78
67
8
29
4
37
44
62
2
26
50
69
90
54
49
7
3
52
1
54
36
28
13
77
9
4
1
6
6
62
9