5
4
2
54
14
9
4
7
38
10
53
3
9
12
57
45
93
9
25
33
38
3
16
1
31
18
6
13
5
9
46
6
48
15
11
6
6
41
6
4
2
62
56
23
36
7
30
25
19
6
0
10
34
6
75
6
69
33
38
11
19
27
2
16
21
5
12
11
70
40
40
35
41
3
11
8
65
57
23
52
93
62
26
7
2
66
12
8
3
0
98
2
12
8
7
23
6
53
6
40
30
84
48
8
23
64
8
17
10
45
0
2
24
54
9
8
31
88
44
84
44
37
2
7
1
21
53
47
23
12
22
13
48
0
16
22
41
31
39
18
18
6
3
3
7
54
24
58
3
5
5
42
51
23
8
66
49
3
70
44
3
41
1
45
6
19
74
2
6
24
12
1
38
20
16
41
5
9
23
4
6
13
3
8
2
1
29
30
2
56
2
2
10
16
31
5
30
9
1
67
3
13
3
20
22
13
7
9
7
10
9
79
2
36
3
10
13
20
7
0
59
13
90
79
73
7
0
7
17
4
4
9
16
32
30
29
78
21
7
30
4
7
2
85
6
38
3
5
4
38
10
2
26
9
20
17
98
4
27
0
6
20
39
44
64
47
97
16
46
10
3
4
14
4
16
2
35
6
19
15
15
82
3
98
49
3
9
2
65
9
70
31
3
3
20
4
3
9
3
54
3
7
16
4
7
4
18
18
36
4
10
0
8
8
46
6
50
4
6
32
94
3
19
21
4
43
5
53
83
23
19
20
27
11
6
83
7
43
3
12
5
34
66
33
29
23
37
2
1
2
0
9
9
6
8
10
8
86
5
3
9
41
8
66
11
4
17
70
9
50
63
73
44
6
6
14
49
9
9
8
6
2
9
29
9
9
4
21
20
84
8
15
18
12
63
7
74
22
62
72
1
28
11
57
2
44
5
12
8
1
10
1
2
51
32
11
7
66
99
4
7
3
11
1
5
8
7
3
21
11
8
28
0
74
6
13
65
10
23
2
69
4
6
6
6
32
21
8
23
53
29
4
12
37
66
85
78
3
14
1
5
8
6
2
6
47
98
22
22
8
3
22
10
4
1
46
59
5
10
28
72
3
3
6
19
57
86
10
26
27
8
7
3
9
8
3
50
20
23
99
9
30
20
17
50
1
1
9
79
68
8
14
2
7
46
44
61
8
58
19
24
75
2
57
87
3
2
40
4
4
13
4
14
1
10
2
6
5
9
6
7
8
16
3
38
1
27
21
1
7
9
17
15
2
30
25
9
4
10
7
9
1
8
87
2
9
6
1
7
20
70
33
5
1
3
42
17
37
1
20
4
1
6
9
43
5
3
84
0
1
2
16
74
46
43
20
60
44
25
6
82
6
3
94
84
32
19
66
8
4
56
1
4
45
47
85
7
23
79
1
7
13
17
19
54
0
25
7
2
10
21
16
53
24
34
20
6
0
28
6
8
3
20
4
4
0
87
16
82
32
34
1
34
25
72
8
64
19
32
1
28
31
9
34
0
27
17
7
68
73
31
80
2
3
7
17
21
30
19
4
26
11
6
20
4
26
5
73
61
20
29
31
12
18
1
13
2
8
1
23
10
14
0
6
3
84
61
3
72
18
12
2
18
8
5
20
7
55
12
0
1
49
48
76
3
6
24
10
12
12
8
2
6
3
38
1
3
18
12
29
27
2
4
70
66
77
7
2
17
46
9
2
50
1
27
4
30
28
26
8
15
8
7
64
28
27
6
5
12
49
12
11
85
10
7
75
14
5
16
75
24
27
32
35
10
8
3
89
10
9
12
46
62
14
4
4
3
100
33
4
31
42
81
2
4
7
43
3
55
32
61
3
18
4
33
2
48
0
9
75
45
8
13
14
13
14
14
12
11
5
7
3
18
18
12
33
80
0
5
19
6
3
2
30
3
29
2
4
3
9
17
7
7
18
18
3
34
28
9
0
78
14