91
2
3
5
27
8
1
2
13
7
66
14
9
21
13
3
0
98
6
28
7
44
7
5
34
5
45
28
10
12
6
70
85
9
93
7
93
48
16
5
14
14
82
0
77
3
15
7
6
52
4
6
1
89
74
9
15
11
15
62
1
22
12
13
3
19
23
21
3
1
20
3
2
72
1
6
18
70
67
7
8
10
10
50
9
50
53
4
24
92
8
23
3
4
28
57
13
5
4
5
6
63
13
40
1
88
16
8
12
93
5
5
11
60
6
32
5
92
57
59
5
3
38
2
2
17
42
7
13
71
2
93
37
30
13
41
2
4
7
2
61
7
4
17
15
8
98
2
8
88
46
6
14
27
25
79
11
7
23
11
76
29
3
6
29
4
39
2
8
21
9
23
7
10
3
38
12
15
92
70
57
3
12
56
40
9
15
2
7
5
97
29
8
3
17
2
1
61
6
7
1
2
26
7
3
26
4
45
6
33
1
33
26
0
21
77
86
15
10
46
65
2
20
9
70
63
5
7
1
5
2
0
5
7
36
27
26
100
9
4
9
4
6
1
7
8
17
4
16
7
11
39
20
5
7
27
4
5
18
0
2
8
5
15
10
68
12
9
65
52
2
7
18
18
6
65
2
5
46
14
57
96
35
7
28
1
8
22
10
8
89
9
10
1
5