2
3
6
15
1
37
5
10
4
23
13
57
22
5
5
6
9
13
14
27
5
75
2
2
59
1
8
4
3
5
75
6
52
8
13
2
10
12
7
9
50
2
2
1
96
84
52
20
1
18
11
31
73
18
13
27
8
21
6
48
34
23
8
15
4
12
13
44
4
22
2
86
22
55
8
1
6
19
2
13
32
3
61
15
40
70
3
4
57
8
23
17
15
11
3
6
8
8
2
70
19
78
8
68
6
23
50
35
35
35
15
46
6
0
23
9
9
9
34
10
76
17
8
7
44
45
1
8
50
7
59
2
84
2
13
87
24
0
7
9
13
3
3
60
13
7
27
32
8
67
42
25
19
20
98
49
53
62
22
5
5
65
28
6
9
0
0
8
39
9
6
28
23
3
52
52
35
3
6
23
4
83
18
9
16
6
20
18
7
13
25
6
20
79
18
62
12
43
33
6
6
9
1
91
24
11
5
3
9
6
10
95
8
52
28
9
0
3
0
6
47
14
97
5
88
12
7
5
15
7
83
13
74
5
17
44
43
44
4
3
1
41
25
8
3
3
1
22
13
6
52
16
51
60
13
1
7
9
34
18
1
9
2
5
48
14
6
75
93
16
3
24
3
8
15
19
6
14
37
15
4
2
13
24
38
87
10
82
2
7
38
32
8
45
1
11
5
9
6
25
0
5
8
76
16
36
14
39
2
21
0
31
2
52
7
45
6
29
7
10
9
26
79
9
17
2
28
0
5
8
1
60
2
4
9
65
37
9
4
3
2
12
4
8
7
9
14
9
65
7
2
9
15
100
23
7
2
13