21
6
5
11
40
4
2
1
76
53
29
55
1
92
64
5
8
40
65
7
18
24
11
1
1
27
26
27
23
41
10
9
23
20
5
2
29
2
10
50
8
25
1
11
2
6
6
6
28
6
5
12
23
14
3
97
2
83
5
94
67
14
74
22
89
60
99
41
4
18
54
16
23
7
8
39
43
15
2
1
6
7
3
2
0
7
4
29
33
96
13
2
2
16
16
17
1
2
22
7
43
40
22
7
8
76
36
48
30
47
46
8
74
9
23
5
37
6
7
28
4
0
5
16
22
2
1
9
6
58
4
17
22
17
39
68
12
46
91
22
25
9
9
14
5
39
17
39
21
21
7
8
69
7
6
4
31
39
72
83
5
23
12
42
0
3
100
10
15
6
68
71
5
35
3
18
99
8
18
3
3
4
37
22
9
1
6
8
20
11
1
27
4
9
65
10
4
14
26
5
3
9
65
1
8
32
11
9
4
0
19
6
6
17
26
8
6
1
6
9
5
9
3
7
4
2
1
6
7
72
5
10
19
19
4
12
8
16
10
55
17
13
47
36
5
50
53
12
9
7
81
12
7
14
0
2
49
7
15
10
9
9
8
0
66
79
9
14
1
6
38
25
0
14
17
8
32
9
93
6
6
4
18
42
5
1
10
93
9
70
34
6
12
27
10
1
3
1
4
34
76
17
57
56
94
8
52
13
28
35
54
12
39
3
51
73
22
13
16
16
4
4
16
90
7
11
2
8
20
0
46
1
35
43
2
90
7
9
26
3
11
6
26
39
8
52
8
11
9
23
6
16
23
6
26
2
70
1
23
2
10
23
7
2
9
19
67
73
13
2
14
1
5
12
13
5
3
6
9
38
78
3
27
55
98
9
83
39
4
4
69
11
16
8
1
3
88
6
27
0
29
7
7
22
34
60
14
24
40
8
11
5
31
21
8
16
65
16
5
11
18
18
43
47
11
56
8
1
10
13
0
2
3
33
84
5
8
9
69
40
3
17
10
36
67
4
60
22
32
10
6
0
9
38
1
14
31
6
8
8
60
4
7
11
3
6
22
4
80
82
9
7
25
22
1
0
40
0
3
42
0
5
8
87
51
11
32
9
14
60
50
1
3
36
78
2
62
4
0
13
26
1
58
3
97
3
41
9
25
11
5
7
10
100
6
85
13
8
2
37
32
59
54
9
5
55
64
29
55
7
5
35
2
68
1
6
3
9
8
0
74
90
14
7
3
1
53
41
41
11
4
9
50
4
8
10
30
16
8
2
24
3
18
51
7
78
4
88
18
1
5
3
22
51
23
35
10
50
20
10
5
1
9
11
0
21
44
48
5
33
3
22
76
3
96
37
22
9
39
11
6
9
27
3
5
26
8
12
20
8
10
60
2
2
30
9
27
88
11
55
4
30
3
19
34
13
2
37
35
82
5
49
18
5
17
1
7
7
2
9
5
20
7
26
38
26
9
14
24
12
6
9
94
48
8