89
8
20
5
5
13
4
1
35
11
20
31
6
4
35
14
7
9
9
11
63
5
25
17
44
7
29
3
5
33
14
16
95
76
2
24
13
19
28
45
1
37
91
48
16
18
46
12
2
74
8
1
4
39
46
0
11
90
48
1
42
0
5
4
15
57
52
73
1
28
9
5
2
5
94
5
2
5
89
4
3
7
36
6
8
12
0
13
68
0
3
29
3
49
13
37
3
4
12
34
7
47
7
26
10
31
88
4
36
19
2
1
11
2
8
5
40
17
26
48
7
6
25
3
63
47
1
3
4
17
32
23
42
79
48
11
40
14
9
26
10
19
14
9
48
18
31
16
9
63
4
1
0
62
12
51
50
63
68
4
9
41
48
7
59
16
47
7
10
11
5
8
7
0
30
1
72
4
5
43
6
3
8
8
17
37
10
34
0
51
9
4
20
3
51
6
23
7
7
0
5
17
25
12
13
91
22
5
15
4
4
44
2
1
17
60
6
19
11
17
40
3
21
4
3
6
89
33
7
3
44
34
6
0
33
10
49
1
13
22
19
27
5
6
0
42
6
12
1
7
9
1
99
38
75
27
9
2
22
4
16
14
13
25
10
23
83
12
90
0
24
8
40
5
3
18
57
9
6
12
2
12
12
3
3
1
18
3
59
1
2
53
26
26
14
40
2
9
51
6
4
17
9
3
62
0
12
7
28
3
18
54
29
9
28
6
36
51
62
93
5
10
2
4
5
18
5
17
7
7
13
50
9
2
13
46
81
4
21
3
97
19
19
8
22
5
14
16
1
37
1
25
36
8
64
2
3
4
38
8
78
9
44
7
20
20
12
22
14
64
77
2
10
40
58
7
7
20
7
6
38
70
48
22
5
8
30
6
12
40
0
4
3
44
46
8
2
2
8
6
94
42
1
4
62
7