43
45
40
1
24
87
13
27
35
13
96
17
4
27
19
9
8
42
2
24
19
38
98
79
6
14
30
28
15
2
3
17
66
7
8
1
5
6
8
58
4
8
4
5
2
90
59
61
9
2
28
2
8
83
10
6
39
9
9
6
99
8
81
7
56
95
7
72
72
27
24
15
95
50
25
70
3
7
20
8
9
72
1
45
11
55
9
3
93
38
15
12
3
24
12
14
4
35
6
7
7
16
9
75
1
14
68
75
59
2
25
8
3
6
19
2
9
10
96
8
8
39
85
2
4
14
20
5
52
5
54
24
12
17
58
25
10
11
54
79
29
44
37
21
57
6
24
13
22
6
17
34
0
7
2
1
9
20
10
30
4
13
6
27
1
63
6
1
13
22
5
1
39
9
4
19
93
3
4
3
4
7
3
5
100
41
42
11
2
4
23
58
82
6
19
26
33
0
8
3
5
6
40
40
8
17
22
2
22
0
19
2
5
25
14
63
37
3
2
17
18
26
5
83
4
2
79
2
57
8
35
31
9
53
6
37
17
18
5
43
59
20
49
7
28
21
6
55
14
10
8
42
15
5
24
21
15
6
1
20
7
0
43
86
8
15
24
2
52
27
26
46
9
12
26
4
0
10
5
10
4
4
9
2
4
21
7
40
8
28
14
18
5
34
100
3
10
1
18
9
6
0
1
9
4
7
4
21
4
36
9
70
1
9
4
9
18
0
2
7
9
80
38
16
27
11
2
98
16
2
3
27
59
2
91
7
8
18
19
17
10
5
11
4
3
3
30
30
11
17
7
3
0
95
23
13
11
12
0
4
50
10
87
96
28
7
31
29
12
1
35
62
36
6
62
1
68
0
7
43
9
58
13
50
8
46
5
1
12
78
52
20
17
3
37
95
30
100
2
1
1
42
4
32
0
66
13
8
48
1
1
8
2
90
18
1
23
5
7
8
1
36
24
3
11
4
12
69
4
8
8
15
12
21
7
0
8
18
31
6
16
8
26
36
6
3
19
1
3
4
3
6
3
22
22
21
15
2
13
4
11
16
13
45
4
52
24
9
52
2
2
66
11
40
5
12
9
11
44
16
1
7
78
57
89
20
24
3
5
7
9
2
1
73
88
2
23
75
13
5
6
25
90
13
17
47
22
6
3
4
43
7
5
26
10
1
74
82
24
87
4
75
5
3
10
1
29
7
2
83
48
10
18
2
45
24
17
11
3
7
5
5
18
40
16
0
0
65
13
0
54
55
14
23
82
30
7
15
67
24
19
2
45
5
9
17
27
29
36
13
4
28
78
15
3
6
3
5
8
42
3
9
45
6
5
7
12
34
81
0
6
7
7
72
71
2
9
7
39
23
75
3
5
8
46
25
9
5
28
59
8
38
9
31
0
5
72
22
6
78
20
34
55
87
7
82
29
2
49
63
16
8
19
74
6
11
14
6
3
31
2
8
39
15
18
76
4
39
24
5
5
32
92
1
9
0
62
81
28
3
71
8
2
11
11
14
8
5
11
9
56
54
40
44
8
14
8
46
2
33
78
6
41
14
7
21
13
74
2
51
1
26
9
67
2
69
27
8
12
6
94
79
18
1
19
19
33
43
43
1
17
0
70
76
1
1
12
61
3
49
47
19
6
3
4
5
24
13
4
2
4
3
57
18
12
53
85
6
7
3
14
22
23
70
13
83
88
36
51
2
2
74
94
1
18
73
53
47
4
13
3
50
12
19
35
11
35
5
42
6
21
32
9
99
5
29
1
7
44
20
59
1
10
96
4
2