28
3
0
2
34
7
49
31
7
73
55
3
5
64
0
4
2
45
9
10
8
5
6
8
88
51
9
25
1
4
2
34
2
11
3
2
3
5
9
61
2
27
12
9
8
5
28
3
4
7
72
4
5
34
1
7
19
6
31
2
78
7
7
11
94
45
1
14
1
6
30
54
5
52
4
6
7
2
6
15
93
11
10
54
0
13
46
63
50
6
0
0
1
11
7
15
5
58
7
16
0
97
2
19
2
16
6
7
59
3
8
16
3
4
43
2
78
28
3
8
42
31
8
3
10
7
44
21
1
5
3
10
6
3
3
18
42
10
37
2
68
57
10
7
21
8
21
17
45
8
3
25
0
10
7
49
77
10
6
50
8
1
2
1
18
4
79
90
7
42
2
19
11
10
7
2
6
2
35
16
1
1
66
19
24
76
76
10
28
2
12
28
1
8
88
23
5
9
7
6
14
5
24
86
6
20
7
8
23
17
4
65
9
4
69
2
13
28
4
2
8
7
10
14
7
5
3
1
6
9
2
7
10
25
6
98
88
81
92
10
53
1
8
8
16
24
19
10
18
8
22
5
44
10
10
48
13
42
5
98
13
34
21
61
5
79
16
0
36
20
5
94
6
7
40
13
21
1
8
9
3
24
4
22
23
3
15
7
19
9
87
43
10
26
7
12
12
36
5
80
52
41
9
2
8
3
73
3
64
14
0
84
49
32
12
17
10
25
1
1
11
19
35
21
5
36
22
1
40
22
27
9
35
25
84
54
7
5
59
6
42
1
39
15
21
4
18
15
91
30
86
9
3
94
2
4
8
57
20
80
5
56
10
4
11
6
78
5
11
8
9
29
9
0
8
6
61
11
72
26
18
21
6
7
36
9
10
4
61
8
25
12
12
1
1
7
47
4
9
27
13
7
71
7
4
36
5
12
63
5
44
1
11
33
55
3
9
62
43
13
1
36
21
29
27
45
39
21
65
32
2
50
25
18
95
36
2
35
12
64
21
26
51
48
60
37
10
21
0
13
8
5
22
18
3
77
1
17
69
59
12
8
2
27
98
1
8
66
100
7
6
8
86
13
1
39
1
1
45
6
2
9
1