79
8
0
2
3
6
12
19
82
0
8
4
1
41
5
11
4
44
1
99
98
54
9
7
48
27
16
17
6
44
17
2
0
19
18
2
54
2
5
96
17
23
7
8
7
3
17
100
68
27
9
75
3
36
18
4
0
2
28
48
4
2
90
2
79
25
16
1
14
68
43
7
9
42
14
6
36
8
7
23
92
19
10
2
13
13
5
26
91
15
5
2
7
8
33
92
41
88
75
9
4
18
1
6
97
12
22
10
10
1
88
6
28
2
3
0
46
4
11
49
31
6
26
9
31
25
8
84
48
36
40
8
74
3
7
8
41
6
42
6
3
85
77
71
3
23
72
17
8
29
6
9
1
27
8
3
20
7
29
0
86
93
20
2
38
32
46
5
33
4
7
71
27
32
1
46
6
5
54
18
3
5
2
87
71
88
9
54
15
7
3
48
3
9
49
5
24
56
57
34
15
9
1
84
17
16
52
8
6
6
7
17
15
7
8
10
81
9
6
28
50
42
9
0
20
0
4
3
22
17
78
30
24
57
8
91
8
26
4
25
56
14
18
28
10
32
33
7
3
0
9
67
5
81
70
6
18
28
12
25
9
6
9
36
2
19
1
6
2
23
22
1
11
2
2
41
8
1
3
14
11
36
14
92
28
22
67
3
22
47
1
16
31
13
4
2
5
8
73
16
3
6
9
3
54
4
7
42
37
4
8
7
75
22
9
56
24
5
13
68
99
29
10
27
63
16
17
27
6
26
55
48
15
0
74
4
17
16
40
14
13
6
13
87
3
37
15
4
32
15
13
10
14
45
29
10
33
29
5
31
3
66
1
33
38
12
9
27
0
3
0
93
11
51
9
79
15
47
12
43
6
20
9
16
10
7
14
90
10
7
41
9
11
20
6
13
65
10
1
2
17
17
8
5
18
3
4
6
4
81
8
2
9
2
26
72
6
38
3
14
2
2
17
75
4
15
3
3
5
98
6
2
8
79
17
21
23
5
5
3
24
6
3
20
17
6
57
3
7
37
12
71
28
4
26
7
3
10
25
4
13
3
2
82
37
1
94
34
14
11
1
48
11
18
8
5
7
24
22
39
4
53
54
6
3
22
9
17
19
28
0
65
60
14
44
6
27
55
6
13