55
25
6
26
9
3
26
37
66
2
19
37
32
13
2
69
8
17
40
7
23
4
18
8
3
7
9
4
93
32
1
4
35
17
100
12
55
8
24
38
2
55
42
8
53
4
8
3
7
12
6
6
52
1
73
2
4
91
30
17
9
19
4
8
20
11
9
7
48
4
60
2
9
0
9
7
76
3
9
5
81
9
6
23
5
1
16
4
6
2
4
8
7
5
3
52
1
12
30
4
59
10
32
10
30
19
4
14
7
5
49
16
14
90
26
7
19
5
50
58
9
3
6
80
5
5
42
4
1
2
13
7
10
2
12
26
11
18
8
4
25
4
31
3
9
84
5
5
55
26
13
24
18
9
59
78
19
5
20
12
5
18
59
99
27
70
1
13
46
21
90
7
70
0
79
4
1
2
18
28
0
34
6
9
4
9
7
1
3
4
1
61
36
31
10
40
2
1
8
19
44
57
4
0
8
9
0
5
78
3
2
3
3
7
25
4
23
17
41
72
79
16
8
3
24
30
60
9
95
10
51
2
8
80
1
74
70
48
6
1
97
36
9
4
3
5
1
41
15
14
9
7
7
14
22
2
5
6
37
6
9
10
8
7
5
6
11
0
8
3
22
6
1
34
36
23
8
3
33
25
48
23
90
30
4
4
7
7
10
42
28
5
60
28
44
2
28
13
38
40
36
29
5
6
31
4
3
8
34
14
15
4
21
0
5
19
5
70
3
13
28
33
18
35
20
3
20
57
9
4
9
4
8
43
1
2
51
23
2
19
4
93
9
77
5
86
15
9
24
10
4
4
2
15
96
76
99
2
18
38
3
15
5
22
79
0
11
4
42
30
68
5
1
7
9
6
2
4
8
41
22
9
65
39
5
5
3
4
15
9
4
13
1
6
21
95
5
98
18
18
9
71
10
4
3
21
93
12
7
36
22
13
2
2
35
6
10
21
68
18
5
15
4
2
8
86
81
10
4
18
6
3
79
4
3
4
3
83
95
17
22
18
6
10
3
54
5
1
94
9
0
1
74
10
8
21
2
93
52
28
22
25
6
6
98
97
11
15
16
37
2
49
8
18
5
1
7
1
9
67
88
7
7
33
18
62
28
17
55
1
34
25
8
11
8
19
24
39
3
5
27
8
4
7
48
1
9
4
4
19
15
33
15
6
2
32
4
53
18
14
61
48
0
15
5
4
62
77
10
22
6
1
25
29
6
5
6
91
18
2
3
1
100
37
8
62
14
13
44
1
4
5
4
8
4
25
1
24
10
4
96
53
86
10
4
29
10
24
27
66
3
17
21
61
8
15
41
6
54
36
5
85
4
51
3
31
3
3
47
28
29
2
15
23
2
28
2
13
4
56
7
64
19
35
16
28
72
17
23
8
16
75
3
1
17
6
21
11
7
2
88
61
1
9
47
21
4
20
9
61
71
3
7
9
70
8
10
1
9
7
51
4
15
5
5
0
55
24
74
12
61
36
60
19
20
33
1
5
8
18
64
18
14
1
9
11
3
13
37
20
2
14
7
48
35
19
4
6
62
58
43
32
6
24
9
26
23
78
1
58
79
2
26
46
25
68