7
2
9
3
92
7
59
19
2
51
5
35
40
9
36
11
81
22
18
5
12
4
6
6
13
1
2
5
4
40
12
19
5
6
2
24
2
8
11
62
4
71
45
38
84
71
92
4
8
39
5
24
82
10
3
0
8
11
4
8
14
9
2
4
38
8
6
11
21
9
2
57
34
31
4
8
86
5
14
21
11
36
68
2
22
11
10
45
6
7
6
3
5
9
4
8
74
26
27
74
19
86
18
2
20
3
7
3
47
5
37
17
30
9
8
11
1
49
9
2
4
7
59
18
91
26
17
90
5
8
8
95
3
5
48
63
50
21
12
2
10
7
98
4
6
70
3
6
1
9
64
6
1
3
98
46
3
3
35
16
76
30
2
17
23
24
64
1
9
5
60
7
67
61
21
7
2
69
4
22
5
65
35
23
11
8
75
22
39
7
41
9
22
84
10
6
8
84
85
3
0
8
8
4
6
13
9
2
22
5