9
12
9
1
58
42
31
39
96
10
48
6
6
12
26
42
3
18
5
56
23
38
10
33
14
28
81
7
2
6
33
64
15
78
30
10
14
37
12
4
35
8
58
7
24
1
26
66
26
46
1
12
4
8
9
17
1
34
2
7
8
10
30
3
1
1
4
27
5
18
4
2
0
10
31
7
29
4
58
2
73
4
6
37
11
31
12
16
7
8
7
7
72
2
76
55
95
7
41
5
3
9
8
29
26
76
13
8
9
9
10
98
14
31
43
20
2
29
41
4
9
5
23
9
0
14
53
22
4
12
15
75
12
4
14
9
29
96
5
18
30
14
7
12
56
59
98
74
52
48
4
28
0
23
14
5
5
6
38
15
3
11
17
71
3
28
84
2
8
4
6
5
50
16
29
25
47
7
7
5
18
56
2
27
1
10
8
34
73
5
51
58
9
46
1
2
20
2
17
2
83
9
53
9
54
85
84
54
22
63
12
11
1
7
1
7
4
8
5
3
8
41
37
46
9
99
2
11
20
1
1
34
10
6
1
31
30
27
19
65
34
8
26
10
7
8
84
21
9
19
0
15
9
23