73
12
66
95
5
21
9
41
43
12
57
2
81
7
12
48
11
58
7
12
3
1
21
72
7
14
4
0
4
25
3
2
8
77
40
1
13
8
2
31
0
6
2
35
28
76
8
23
0
32
66
4
8
28
10
3
3
31
6
2
1
8
2
0
2
22
25
46
36
41
50
6
8
8
1
9
34
8
78
1
1
2
4
4
1
2
0
5
6
11
6
2
86
9
2
12
10
66
58
7
2
8
17
47
8
74
35
10
25
65
54
27
25
8
3
7
60
13
4
77
1
77
56
6
83
24
2
1
0
5
2
43
97
16
5
25
1
12
12
28
9
4
54
8
3
47
4
8
26
8
4
7
5
12
80
23
12
5
3
48
9
52
50
12
5
6
13
33
0
9
32
2
14
28
35
28
84
14
23
33
21
7
9
58
1
27
52
75
16
2
3
14
3
9
84
5
20
13
5
9
8
11
20
59
0
71
57
75
8
4
64
13
15
0
1
88
8
1
6
12
3
70
4
8
9
72
11
18
2
59
2
63
13
74
5
6
0
8
5
50
8
1
35
25
43
40
1
1
4
7
6
0
44
13
53
1
5
7
4
4
85
30
9
30
32
6
1
9
19
4
96
21
71
9
2
27
77
13
27
8
35
16
33
11
81
26
47
4
5
11
4
21
6
9
54
100
21
82
4
71
3
2
4
5
6
25
2
40
34
31
29
27
47
5
2
29
16
2
31
86
6
50
5
52
80
51
2
2
78
3
4
3
3
40
45
87
72
2
9
1
2
80
3
11
32
86
9
9
26
26
7
21
7
4
9
8
15
18
13
9
17
12
1
0
81
0
3
8
4
6
9
82
2
14
90
5
20
40
54
0
78
39
20
99
2
2
24
3
60
90
18
9
76
8
8
100
1
3
19
12
1
3
12
64
22
6
9
4
44
10
52
55
7
39
2
1
9
24
13
59
8
15
83
16
20
7
0
1
91
46
82
16
2
5
17
7
60
23
85
86
88
3
8
13
6
90
9
24
23
18
25
42
56
24
22
2
1
1
19
3
10
5
40
3
10
59
7
17
57
12
6
9
92
32
1
29
82
2
1
10
29
7
6
14
7
5
0
90
8
1
14
63
3
16
19
38
3
69
4
6
23
27
5
33
40
8
49
2
12
81
4
27
19
1
7
1
24
24
5
20
50
32
100
36
17
4
6
33
58
96
9
24
63
12
4
3
31
16
32
59
8
1
26
8
61
8
5
89
8
4
16
50
31
69
3
3
81
65
5
8
54
3
2
8
98
13
18
28
12
15
83
24
17
2
0
96
8
6
73
45
36
6
51
45
4
93
10
20
5
13
5
11
58
8
15
4
5
16
4
5
45
1
3
60
26
8
18
60
22
6
8
0
62
6
6
34
28
7