6
26
75
4
9
8
11
10
7
15
7
33
7
32
7
3
2
3
29
52
4
22
7
18
78
4
44
28
90
3
9
19
42
36
17
1
41
9
5
4
9
25
9
13
7
1
1
83
48
33
26
1
67
36
53
57
10
4
11
9
8
15
14
23
2
3
10
8
9
7
7
2
79
52
31
15
2
66
100
98
66
9
8
11
6
86
28
3
10
13
96
8
56
81
3
73
9
1
15
28
32
22
17
29
8
24
14
7
9
3
61
48
6
83
61
77
14
20
42
37
54
23
10
10
10
88
3
2
93
74
69
13
1
30
33
25
85
58
9
49
20
4
7
8
55
10
29
18
58
3
66
1
10
3
38
49
5
8
2
5
10
7
13
39
32
28
9
15
21
8
1
16
73
2
8
9
83
80
20
69
18
2
13
3
44
7
40
28
0
52
39
0
1
4
75
2
14
27
89
13
5
0
32
1
5
0
2
23
18
97
28
18
2
4
8
28
13
25
13
4
46
8
2
7
37
1
9
18
43
58
10
7
8
38
19
5
77
18
49
0
37
28
2
15
0
39
2
19
0
5
42
4
65
31
4
17
24
10
12
14
1
11
60
14
30
19
3
9
23
57
9
2
57
16
75
67
69
44
44
1
2
9
6
4
97
91
29
0
16
26
19
43
34
30
1
21
4
2
97
44
24
4
0
17
9
1
12
3
11
1
7
37
33
9
5
40
5
54
78
2
66
12
7
65
77
3
1
2
8
5
57
0
14
7
3
10
15
38
3
8
13
28
19
38
39
31
13
29
87
57
96
0
57
13
16
41
33
20
26
25
8
30
49
40
27
16
0
4
9
6
3
32
6
18
90
22
46
4
3
27
17
0
7
8
6
15
2
12
6
8
8
16
16
7
12
8
37
6
33
7
33
0
10
27
4
27
0
6
3
23
49
6
2
4
6
23
9
13
0
7
20
4
81
17
4
84
72
16
51
9
9
85
2
4
29
7
48
51
33
32
10
27
77
8
100
36
8
12
20
25
91
27
9
7
9
0
12
4
10
7
45
8
6
71
37
2
70
5
5
28
47
73
8
41
6
95
21
1
1
12
79
1
3
26
22
9
11
41
0
18
4
3
3
9
15
38
12
29
10
5
2
40
25
5
20
0
12
22
89
11
26
0
10
83
12
32
37
16
1
44
2
20
21
42
2
8
15
50
4
63
0
1
14
71
1
2
3
32
1
23
7
1
1
44
3
76
4
4
8
3
18
46
22
86
3
5
87
44
42
5
6
35
3
19
3
13
3
31
23
13
83
0
89
21
5
7
4
52
3
1
58
77
11
7
24
0
5