5
44
74
96
77
6
4
3
71
4
11
3
22
5
5
12
39
3
0
10
0
4
0
56
7
31
8
3
34
6
5
1
39
16
4
15
25
3
20
9
54
99
37
5
19
41
51
0
7
6
5
32
1
24
24
22
7
10
50
9
47
34
17
0
5
23
10
5
4
3
95
26
6
71
5
11
18
3
47
10
96
3
7
36
1
3
6
19
6
13
7
7
2
17
35
5
43
98
63
48
34
24
4
6
13
9
12
17
4
4
23
35
5
4
91
12
9
29
9
33
5
7
5
8
7
0
6
11
67
5
7
3
28
6
18
23
9
15
10
86
0
100
5
70
2
8
18
81
15
1
8
9
1
20
9
4
7
9
8
6
41
49
42
87
41
2
21
10
57
68
17
2
5
9
36
36
37
14
14
12
8
4
8
13
1
51
68
74
4
92
3
80
13
9
21
5
3
4
10
1
4
19
56
10
8
9
74
12
31
3
9
95
85
2
73
74
6
4
38
56
63
7
23
4
7
88
1
2
16
8
64
54
4
14
3
9
86
57
18
47
1
25
20
17
94
6
19
13
16
3
9
5
3
11
7
2
35
22
31
7
6
1
1
9
29
62
15
41
3
18
5
8
18
0
7
11
5
9
4
35
6
37
1
84
9
35
9
6
7
7
2
16
76
19
1
13
6
11
93
3
66
1
25
14
34
3
30
48
6
5
12
8
24
9
74
54
8
17
4
2
29
51
65
6
13
5
71
2
3
84
21
21
62
29
25
17
3
87
10
5
39
36
1
4
57
27
60
64
47
2
44
13
28
5
89
46
13
5
5
1
7
17
2
3
7
7
17
9
3
60
4
29
65
1
5
5
11
24
0
16
14
16
34
8
6
37
98
91
38
97
27
16
40
30
3
5
9
20
37
3
69
9
48
5
35
2
16
11
9
2
23
6
14
4
75
4
7
6
16
9
36
1
66
0
91
1
10
49
7
10
60
15
11
18
32
15
63
68
8
8
1
5
7
6
17
19
6
17
1
62
93
52
32
5
7
32
20
16
22
64
27
22
7
5
8
34
28
18
46
78
12
8
4
7
20
34
11
27
70
33
27
10
6
3
3
6
43
40
96
0
76
78
34
2
78
7
1
4
13
45
0
9
2
63
47
2
44
2
97
85
9
18
6
56
18
0
9
11
38
25
93
2
7
41
2
21
2
82
12
7
97
14
4
4
77
54
7
41
5
11
13
17
77
5
60
9
70
6
4
4
5
1
29
87
15
6
72
28
12
62
3
3
22
20
80
53
0
13
18
69
51
59
34
16
27
22
4
30
9
18
100
1
93
6
0
5
81
66
6
96
35
1
43
15
19
7
7
75
5
1
24
16
28
18
9
11
0
49
7
37
49
9
80
13
2
50
38
5
68
4
9
12
83
8
1
13
22
6
82
94
11
14
5
2
9
36
4
38
3
33
17
22
8
0
7
58
32
6
13
4
13
4
12
76
81
5
42
14
4
42
5
2
6
46
19
30
18
6
19
77
5
5
28
54
79
4
28
8
19
2
3
14
7
7
7
5
3
3
21
21
1
13
15
70
81
4
11
20
2
9
14
46
30
5
36
9
4
1
44
1
12
5
1
16
87
51
6
9
62
67
16
0
15
4
6
7
3
4
4
5
8
1
17
51
2
6
8
6
4
28
71
3
14
67
9
45
47
56
48
7
9