14
16
3
65
11
17
3
7
20
5
1
8
9
5
2
7
48
67
24
42
39
28
8
2
6
71
3
27
28
81
58
13
4
0
65
54
2
70
4
30
75
11
8
1
3
5
70
5
15
42
43
80
93
17
3
1
10
93
35
4
4
2
13
2
12
6
54
1
25
4
20
17
0
99
86
4
25
19
8
86
7
54
39
2
8
10
4
3
1
56
3
6
30
32
4
15
26
1
6
7
7
8
7
10
57
16
6
4
26
8
8
14
32
11
0
12
5
7
6
3
7
6
46
60
68
4
43
65
90
96
8
10
3
19
78
79
89
21
4
35
17
45
51
38
7
10
7
40
39
7
93
10
74
7
62
1
82
2
4
9
45
51
23
31
2
8
54
6
33
3
1
7
52
83
1
7
13
7
43
91
29
0
5
13
0
57
99
6
12
22
89
6
7
4
40
2
15
42
44
8
13
19
92
29
35
6
5
6
9
4
36
13
6
81
6
3
90
34
30
38
11
11
2
76
3
15
11
97
71
15
7
20
16
59
25
9
9
17
5
87
6
1
13
22
47
23
76
5
50
7
10
1
1
73
3
28
0
64
100
5
10
70
5
14
4
6
95
23
7
62
5
9
14
13
45
8
34
20
89
1
11
34
20
95
14
12
9
10
74
23
7
3
27
16
7
31
36
8
39
70
5
7
20
8
12
7
3
38
2
19
8
20
2
1
38
10
32
12
23
81
9
10
5
26
94
7
17
44
8
16
21
2
33
3
0
40
0
5
17
7
22
9
37
11
7
9
7
5
2
46
85
24
12
60
13
3
1
6
45
50
7
4
66
0
37
6
31
1
15
8
34
10
1
5
72
40
64
7
22
4
54
52
12
6
3
8
4
1
42
7
40
63
7
67
42
5
14
1
6
95
27
14
17
2
58
11
49
24
14
83
60
10
98
88
18
0
11
52
5
0
9
5
15
36
2
8
3
6
0
2
6
54
12
7
75
5
20
0
1
34
34
91
48
8
12
35
64
2
3
6
12
14
8
29
14
7
41
26
20
6
21
15
5
9
61
72
15
72
39
2
4
28
10
23
4
11
13
13
50
26
19
33
1
2
9
20
16
56
31
2
100
9
7
100
4
46
2
50
12
7
4
9
75
13
8
6
19
7
48
36
75
8
22
19
46
34
25
63
22
39
5
98
41
3
84
8
67
4
19
1
60
15
16
39
80
1
2
7
7
22
95
41
96
1
36
7
62
0
14
33
5
8
30
28
16
2
7
4
3
6
17
36
6
31
45
40
21
1
2
4
4
23
10
1
22
14
9
12
27
15
83
68
11
45
17
5
23
16
31
18
12
42
5
7
8
20
1
7
17
2
0
13
0
9
10
5
2
5
9
9
12
48
0
29
5
57
37
8
19
9
2
47
74
71
39
25
47
100
7
7
2
42
8
10
94
1
9
70
8
0
27
45
9
7
20
43
42
60
5
7
2
20
3
4
56
8
3
9
25
5
3
2
6
6
17
17
32
5
0
11
4
99
1
9
2
43
95
27
4
43
10
30
0
8
9
18
14
5
5
25
2
1
8
40
8
8
18
3
21
1
41
4
0
8
10
31
4
56
35
7
11
2
5
4
44
9
18
6
46
27
19
98
22
83
34
4
6
16
3
2
0
25
5
88
2
10
65
7
65
5
4
66
1
14
80
0
36
91
18
13
7
41
7
36
59
33
14
9
39
14
1
76
31
53
12
40
50
38
4
65
51
55
15
1
14
72
12
68
5
68
34
19
3
1
11
39
12
58
5
5
82
80
28
9
18
40
4
7
9
7
5
11
15
5
0
59
21
1
1
54
7
21
50
21
16
24
9
2
1
3
40
7
2
13
0
32