6
2
7
6
63
6
4
7
32
34
5
8
53
91
42
3
7
58
3
1
10
8
67
6
23
5
35
68
4
41
6
28
6
29
4
4
16
10
31
3
37
7
18
39
31
13
83
25
9
10
19
21
6
55
14
6
37
6
3
0
3
6
45
9
100
68
2
11
9
12
2
5
94
4
41
2
20
76
5
12
0
24
9
35
10
20
12
6
3
29
43
79
21
68
25
8
27
2
3
96
13
8
70
8
71
24
96
67
5
33
17
21
83
3
1
65
94
28
61
54
16
81
71
4
16
14
2
30
26
25
72
10
99
1
36
12
83
33
1
17
4
83
3
0
12
9
9
20
2
64
5
28
9
37
2
16
11
8
29
26
4
2
12
16
38
85
3
24
7
8
9
1
8
34
2
4
6
14
10
18
13
3
10
43
20
11
9
5
44
54
6
2
6
3
9
10
44
4
29
15
5
5
73
51
11
7
8
56
71
6
6
15
2
9
3
42
14
22
11
4
30
5
13
19
2
7
9
81
97
98
14
4
8
6
27
87
54
4
8
2
1
11
13
61
7
1
11
1
22
5
1
10
49
1
61
23
51
3
12
2
1
22
35
5
26
6
28
16
8
0
21
30
8
5
3
4
6
13
8
6
90
7
9
30
2
6
2
22
1
83
3
33
26
81
6
4
18
4
17
43
55
35
33
3
70
49
3
71
3
82
7
4
4
3
13
14
21
23
4
43
18
30
26
14
27
12
54
61
5
2
2
20
8
9
6
2
9
39
9
14
12
13
20
3
55
3
3
33
3
7
86
29
4
14
57
48
8
4
66
2
4
62
1
11
4
1
96
50
27
31
14
2
12
60
4
33
1
50
30
5
2
9
5
6
16
36
5
3
12
0
27
3
0
44
14
6
93
34
27
0
44
32
9
9
8
27
29
49
57
51
5
25
65
21
22
4
4
5
9
38
11
63
33
65
7
30
40
83
1
16
69
9
29
25
30
5
14
0
97
23
11
10
87
8
51
0
7
12
42
31
19
5
16
62
1
4
7
5
9
26
29
0
69
8
23
17
24
1
33
5
73
5
41
31
74
88
70
7
28
1
84
42
9
8
2
3
34
29
74
12
5
8
8
0
25
12
24
7
15
64
2
7
2
10
47
30
5
26
7
8
34
0
1
80
54
3
62
17
9
2
9
9
5
3
66
33
3
9
8
2
2
54
3
17
97
25
82
3
54
0
2
4
8
7
8
10
4
9
15
47
11
83
70
12
8
14
7
22
34
5
17
4
8
3
2
7
60
4
5
5
95
62
29
51
0
64
12
91
72
5
49
22
2
63
16
18
24
6
65
71
4
7
8
13
29
4
25
0
6
1
6
1
25
39
23
3
25
58
8
29
1
31
99
28
2
0
5
31
41
14
66
36
31
6
32
49
83
30
10
34
1
25
19
33
9
6
74
10
92
13
78
57
21
11
22
41
3
6
16
22
33
43
12
3
18
78
61
1
22
1
45
27
3
40
24
0
14
2
1
41
4
19
85
33
13
28
7
10
35
5
66
85
8
11
64
2
26
1
4
9
10
23
85
54
9
20
64
6
11
31
4
21
18
1
25
0
25
23
3
9
3
1
6
5
17
9
1
10
33