23
2
73
48
30
5
88
2
8
7
19
9
7
14
26
21
3
17
51
0
13
68
48
13
9
31
19
6
18
4
42
11
30
7
23
10
1
9
72
23
4
12
6
20
86
62
9
9
2
5
23
13
34
46
11
83
9
6
7
33
5
44
4
39
4
85
9
4
14
1
76
73
19
6
1
3
18
1
80
9
17
72
2
80
5
5
1
11
69
44
10
9
8
2
4
35
8
30
8
16
22
3
46
22
14
28
29
6
13
56
26
81
13
10
24
6
5
6
26
9
6
5
6
6
2
59
7
3
18
6
3
2
4
10
5
5
24
7
6
13
48
7
77
27
43
20
37
7
3
4
7
9
36
13
2
64
19
25
47
13
13
11
6
57
2
7
8
9
5
11
22
16
15
7
93
13
21
71
6
7
5
68
5
78
98
10
14
22
1
8
15
57
75
10
74
16
9
5
62
2
48
87
57
61
1
7
2
6
87
68
12
14
45