100
4
46
70
35
35
6
4
28
4
78
4
16
8
56
22
95
75
16
13
12
8
11
14
14
14
12
0
94
56
87
3
2
15
6
1
7
96
0
4
6
4
32
10
55
43
8
40
26
61
43
17
43
53
12
9
26
11
55
6
16
16
44
53
0
7
6
70
8
5
78
13
4
2
5
3
19
1
6
5
6
33
40
2
62
28
6
23
45
9
45
8
5
5
3
14
7
35
26
15
24
13
10
25
16
7
10
14
1
6
4
9
8
31
48
50
69
7
64
38
3
84
8
20
13
28
7
0
1
6
25
24
31
17
3
5
3
20
2
70
53
3
10
14
30
5
85
8
7
5
6
98
5
5
9
40
22
10
10
2
13
31
5
6
3
2
93
97
0
3
0
62
7
1
15
6
15
1
97
2
42
35
5
39
7
12
70
88
50
28
12
13
2
65
98
2
66
68
1
15
33
7
13
5
99
2
3
7
77
7
9
1
40
13
29
6
50
24
19
20
0
6
1
9
3
44
8
14
62
6
89
9
4
8
39
9
1
0
30
6
50
6
8
10
16
11
9
51
19
5
7
25
22
74
47
28
29
10
1
8
25
78
28
42
52
23
14
2
10
21
26
24
9
43
21
7
24
38
65
85
57
6
6
51
16
25
24
19
10
93
1
7
19
2
30
36
35
9
9
9
43
99
0
96
79
9
62
5
21
9
9
3
24
11
2
9
23
32
33
6
6
6
98
27
2
8
1
9
1
6
59
27
0
96
21
3
13
67
3
3
24
1
7
27
16
9
19
4
10
7
27
51
11
9
17
5
24
5
46
17
6
58
2
0
40
11
3
32
2
50
4
4
10
3
20
84
16
0
36
3
54
10
30
2
2
4
37
3
9
0
19
41
43
2
15
24
11
2
7
60
8
59
24
12
4
17
23
1
4
61
7
11
16
1
7
6
58
14
30
77
3
17
90
68
19
1
38
16
1
60
56
32
19
15
41
43
41
5
3
85
2
5
5
66
1
6
2
31
10
58
23
24
3
0
28
24
0
15
21
3
100
8
0
1
57
5
20
5
91
6
7
8
20
30
5
4
55
2
9
62
10
9
1
6
7
41
4
38
60
7
4
1
9
19
4
53
8
2
24
3
4
0
7
27
63
28
55
6
54
4
2
10
73
6
5
9
15
56
2
85
12
6
11
19
17
18
28
4
9
20
2
41
32
17
42
15
6
8
49
10
11
13
0
11
18
17
29
43
65
0
6
2
6
5
2
74
6
9
68
23
83
6
7
20
7
10
11
5
5
4
15
8
5
84
42
19
20
3
8
4
42
53
20
4
22
7
9
33
5
65
0
88
6
5
4
20
6
1
20
50
13
7
2
54
0
56
7
3
99
9
8
49
22
9
42
14
6
6
21
13
6
14
71
53
9
12
50
14
1
24
39
2
26
1
11
26
78
28
1
4
19
71
13
8
3
11
33
0
9
14
3
31
54
95
4
60
34
31
2
16
22
18
5
18
13
2
1
26
51
7
57
54
58
1
1
2
1
19
83
8
2
15
33
0
29
31
9
11
34
6
1
79
9
1
9
26
5
2
74
11
33
90
45
3
28
76
12
12
7
31
26
63
18
7
39
5
6
100
6
6
27
4
8
1
10
5
20
10
67
89
5
15
11
28
77
7