10
10
2
69
15
31
45
2
0
11
21
60
28
50
12
6
2
52
13
76
1
3
3
7
85
15
49
7
5
8
11
18
19
86
3
0
2
15
6
7
9
24
61
51
9
5
13
14
11
1
24
4
2
38
25
36
96
3
34
22
70
11
63
4
3
11
14
5
32
9
22
11
15
8
2
8
6
13
75
86
99
94
36
6
83
1
8
28
20
53
1
7
4
6
27
0
35
43
26
17
5
17
7
1
28
3
91
20
8
42
9
7
42
13
0
67
10
5
32
25
77
0
67
80
16
27
18
41
23
72
4
2
8
7
5
9
13
92
2
55
18
5
29
6
6
2
22
21
9
3
20
43
6
61
8
8
91
18
91
1
9
3
6
18
2
14
33
95
40
8
4
3
18
10
21
19
9
4
2
7
8
14
64
40
6
9
93
5
9
6
16
9
4
32
28
2
7
18
43
6
15
52
19
82
20
3
8
10
6
17
92
46
17
1
6
33
39
3
1
3
4
47
2
6
2
82
7
86
0
5
1
36
51
6
59
7
23
95
100
9
90
5
7
9
15
91
8
16
7
8
1
19
9
67
0
17
8
94
3
43
17
14
11
1
3
3
0
10
20
34
9
3
79
20
12
29
94
0
90
46
4
90
25
7
1
9
24
23
51
16
1
4
99
14
9
18
1
4
19
5
9
55
3
21
81
21
7
28
12
18
21
17
61
16
70
8
26
9
21
0
8
3
6
2
3
4
10
11
58
3
9
88
8
5
6
24
1
66
8
3
23
2
35
7
3
6
6
3
7
64
60
34
8
63
71
9
15
8
8
9
89
6
48
13
1
22
2
3
0
9
6
32
1
9
6
14
2
0
15
6
3
0
96
4
11
75
9
80
10
78
7
4
36
5
65
18
21
9
24
45
64
20
12
64
3
19
6
82
26
1
8
13
31
14
0
12
11
1
26
72
3
30
19
44
5
72
6
33
6
1
6
95
54
3
16
9
10
7
41
6
0
9
2
3
1
27
6
4
12
58
62
20
82
5
10
16
13
64
39
12
76
2
15
57
4
8
9
39
8
12
10
21
6
5
23
0
73
8
59
7
59
75
66
94
6
14
63
5
19
97
80
2
63
15
10
14
76
18
23