98
28
1
72
0
24
15
8
1
20
3
13
8
6
13
11
0
7
9
17
9
1
10
7
58
15
4
6
29
2
2
5
8
14
7
4
11
83
42
1
5
5
67
3
25
25
4
6
36
20
19
90
4
84
85
3
36
15
54
6
59
13
84
7
2
8
58
72
4
4
6
2
49
18
36
2
75
4
0
66
5
20
6
4
3
2
24
9
25
39
93
6
14
8
48
66
32
8
0
2
28
5
9
14
9
2
66
0
23
9
3
36
3
2
5
37
40
12
3
26
1
34
7
5
2
60
37
7
5
2
3
4
21
5
6
36
5
11
1
87
42
63
9
43
15
7
6
1
9
10
5
19
76
9
27
8
23
27
8
5
17
1
5
27
69
74
1
61
69
3
30
36
69
9
19
8
6
7
17
13
22
7
25
4
35
11
26
0
43
6
62
7
1
58
76
77
46
18
34
33
30
3
26
31
24
3
23
0
40
28
26
58
38
6
17
3
4
0
45
8
23
83
7
15
5
6
45
7
24
56
1
19
0
23
55
62
32
3
68
42
15
73
55
58
68
42
14
1
4
14
9
49
39
9
67
7
40
10
4
37
3
11
29
4
1
3
5
3
57
4
22
3
33
10
5
31
46
3
10
15
9
91
69
35
18
62
15
4
5
21
1
12
4
35
1
34
7
17
69
6
19
13
31
85
5
10
2
18
43
9
29
90
20
7
26
11
1
42
39
4
0
80
9
9
4
74
35
44
17
14
60
37
32
17
5
26
3
31
8
46
57
5
4