7
76
0
46
26
5
62
10
35
5
51
8
7
17
9
9
1
39
8
6
47
36
2
1
6
30
62
1
9
13
3
19
34
5
15
3
1
19
20
1
6
15
12
64
16
6
34
25
6
2
7
1
21
2
99
8
4
1
25
2
12
17
16
31
0
9
4
37
6
11
1
11
30
10
8
72
48
13
1
12
66
26
1
9
27
8
8
44
4
58
53
78
23
25
2
92
3
15
13
37
12
47
6
1
8
7
42
3
55
72
5
52
38
15
3
36
4
74
6
0
21
28
3
46
23
1
2
8
15
1
8
18
88
15
36
36
8
12
6
46
38
80
14
1
3
21
52
85
5
16
5
12
2
27
14
91
44
20
2
37
75
4
21
6
26
1
7
6
87
55
35
2
25
6
7
2
43
1
14
8
44
23
80
9
95
73
20
43
0
14
30
47
1
17
79
67
3
11
1
11
13
10
9
28
56
5
9
44
2
4
7
19
5
35
21
49
5
0
20
9
30
20
13
3
48
7
9
9
8
60
1
12
10
9
23
83
15
9
16
9
9
5
2
74
28
7
2
6
9
76
3
24
1
36
52
34
6
48
24
5
8
35
15
11
24
9
8
69