9
23
29
80
55
65
86
1
11
13
5
79
1
16
9
26
92
5
39
24
7
22
1
3
45
2
4
32
1
1
97
3
7
65
76
4
78
6
1
13
7
49
47
13
39
14
76
8
14
21
7
60
46
26
14
8
5
12
42
41
43
21
6
9
97
51
3
33
47
44
12
55
9
22
3
6
34
44
96
6
52
6
97
51
52
2
9
28
46
3
93
57
13
1
25
9
4
8
7
14
6
2
15
7
57
57
3
63
40
3
12
1
10
6
11
46
2
22
17
1
3
54
2
35
5
21
14
37
36
5
18
55
4
7
39
22
3
1
7
86
19
15
11
55
29
18
7
15
18
9
30
0
0
22
18
9
52
31
5
6
35
2
2
9
91
38
2
96
4
2
50
0
0
11
53
78
6
9
1
22
5
7
8
29
4
17
6
20
8
20
5
5
20
88
2
15
6
65
35
4
8
4
7
8
14
36
0
1
8
4
57
34
26
2
20
12
2
5
9
7
8
3
13
66
57
10
2
9
2
72
23
19
56
21
16
6
46
6
18
28
6
57
3
1
5
25
5
2
1
89
37
24
17
43
8
4
1
8
1
2
78
2
60
85
2
73
88
26
35
6
9
12
24
6
71
16
40
4
20
40
42
9
0
5
33
2
86
4
10
1
1
15
57
6
7
55
5
37
7
28
41
6
1
14
20
100
71
2
31
37
88
25
33
7
61
19
45
67
58
8
2
8
1
3
25
5
5
5
61
5
6
32
17
1
8
3
7
11
4
51
2
10
3
12
25
5
61
49
8
64
13
5
57
63
46
45
31
1
87
5
43
21
4
93
57
18
7
6
26
17
19
43
92
14
3
19
44
4
18
2
19
4
8
12
7
76
8
4
22
78
15
14
1
4
4
9
2
39
89
2
19
13
14
24
88
2
9
10
46
5
39
9
1
12
7
33
14
19
13
1
0
9
9
42
4
8
50
50
89
4
0
6
26
83
10
3
2
7
18
2
9
7
3
13
11
66
18
85
38
0
25
21
10
25
13
68
41
89
8
20
27
8
7
89
46
2
15
7
1
23
10
5
0
8
18
52
58
1
5
0
22
10
2
30
13
25
54
23
28
81
3
42
1
19
4
52
100
12
6
2
17
2
1
5
26
11
18
8
4
25
7
5
0
6
8
13
4
7
10
23
30
32
1
72
8
29
41
67
7
1
24
12
77
0
41
22
48
8
28
6
19
28
7
24
57
7
13
9
36
1
9
9
8
2
5