9
23
13
45
4
2
22
9
21
8
2
43
8
2
24
83
2
77
78
18
62
68
65
38
21
19
5
72
18
24
9
7
2
5
37
4
12
6
86
6
7
3
5
19
6
2
25
8
38
69
7
16
7
55
5
63
23
24
47
3
16
6
6
11
98
21
73
57
6
2
5
9
4
10
4
7
11
41
11
26
38
3
44
100
11
6
24
18
5
8
19
2
8
0
58
15
6
9
0
4
86
7
5
82
3
3
39
7
6
74
23
6
39
99
9
3
1
48
1
9
9
6
27
23
3
96
4
4
16
6
10
2
14
50
8
1
12
39
13
11
57
3
6
30
0
27
1
48
92
9
26
38
14
21
5
3
11
6
2
44
17
75
47
6
98
2
2
27
2
45
5
5
8
12
38
2
17
9
4
5
74
77
11
39
78
17
4
3
15
35
40
3
24
27
25
0
0
76
2
11
71
1
10
1
0
20
8
18
3
39
8
5
4
6
6
54
63
75
3
42
95
95
0
5
51
0
1
8
64
93
12
4
15
26
6
76
46
3
0
8
65
76
98
52
16
67
53
9
1
6
29
29
25
23
12
35
2
8
76
18
70
3
2
14
32
9
10
5
50
85
5
9
15
100
4
38
8
52
12
94
11