89
15
29
48
3
15
14
5
18
8
9
13
58
1
12
9
70
2
3
5
4
0
6
6
3
9
43
61
7
40
10
11
78
15
8
23
2
8
3
77
14
89
0
15
27
10
12
0
0
5
12
3
5
2
12
39
9
29
66
18
28
24
15
9
63
53
0
36
55
1
33
4
80
6
18
29
0
13
9
7
29
13
5
92
88
95
38
85
52
8
7
13
92
9
2
100
14
2
8
15
15
8
12
12
22
50
32
29
8
10
97
4
29
7
1
9
20
19
7
14
13
9
5
13
8
5
55
5
0
13
5
4
1
30
4
8
6
15
3
67
2
4
8
9
45
33
6
47
12
12
3
4
49
57
53
14
13
1
13
48
14
70
4
7
13
8
17
64
4
15
84
8
13
15
55
33
9
2
29
2
40
84
15
44
11
34
9
2
2
9
2
7
60
8
69
5
18
38
20
82
18
22
44
98
7
4
1
3
9
28
2
16
15
9
20
0
28
4
44
2
9
39
2
6
53
48
15
21
5
34
4
9
8
48
3
57
97
6
22
6
9
2
14
6
24
1
2
9
58
7
4
9
33
5
83
22
3
47
26
33
14
13
84
43
81
3
13
4
71
85
83
1
11
38
65
7
12
13
11
5
27
32
4
23
37
5
2
75
10
91
17
8
20
9
40
1
13
51
61
16
11
24
21
31
74
89
73
85
5
30
9
13
4
0
10
26
14
28
10
8
44
52
36
74
17
42
2
4
49
16
11
4
34
6
51
3
68
13
13
18
2
24
5
4
69
67
1
4
24
28
1
6
6
1
16
96
6
3
44
5
27
2
0
39
95
4
6
17
42
7
32
47
3
42
2
7
8
5
4
25
1