19
13
2
39
1
17
25
42
5
44
5
21
76
17
2
7
7
6
68
2
98
72
9
2
65
40
7
14
7
8
3
14
2
36
7
25
35
99
89
2
11
31
50
18
0
13
5
0
6
6
56
46
2
16
20
36
1
35
19
41
3
21
2
3
1
91
12
5
3
7
38
5
19
3
6
34
30
9
9
5
1
9
5
85
9
24
48
3
40
46
97
8
8
3
45
6
24
15
5
78
5
55
6
47
4
40
31
76
99
26
5
1
2
18
29
8
10
18
9
5
50
3
5
7
33
2
61
0
63
10
0
7
6
27
17
8
19
8
12
10
9
25
1
2
2
9
8
82
4
7
91
11
6
9
13
46
84
9
1
14
93
84
23
41
4
58
9
39
45
4
71
6
3
52
88
5
1
16
8
12
45
42
3
11
84
13
13
1
3
3
54
61
6
23
3
2
3
9
27
69
18
34
60
66
6
25
1
7
67
89
55
6
22
6
12
87
1
9
38
19
20
39
7
8
11
27
32
3
75
50
8
16
76
3
14
6
48
50
14
6
23
17
16
50
39
73
8
40
1
31
78
86
49
41
26
1
6
1
72
4
58
8
1
10
4
3
57
2
4
23
5
14
6
10
3
10
22
2
3
19
14
39
37
20
12
18
3
16
4
5
18
0
19
5
8
98
79
34
31
20
5
8
81
5
3
1
0
28
6
61
5
32
5
12
59
7
49
27
77
6
1
17
29
16
7
0
7
22
58
43
0
12
2
9
3
49
48
4
9
12
3
97
35
21
4
14
26
5
2
3
9
39
21
2
10
21
8
9
4
54
3
11
55
15
11
20
4
8
46
5
18
43
14
0
25
95
4
37
83
6
3
17
68
33
8
11
22
2
11
5
3
4
8
39
33
15
44
4
10
8
18
14
3
33
45
2
8
52
32
5
80
2
55
6
6
27
8
7
3
37
2
43
6
49
57
61
3
5
6
18
35
38
2
53
7
8
1
25
37
12
4
7
3
28
16
35
14
8
12
56
18
20
4
10
12
7
9
13
19
32
63
5
1
1
7
62
56
7
11
23
12
19
6
1
43
16
11
51
8
9
9
84
22
1
9
24
49
6
5
9
2
11
31
75
47
2
3
6
81
92
35
1
15
27
6
6
70
3
21
92
10
58
2
12
5
9
32
2
73
22
23
16
7
6
7
21
35
7
22
1
7
24
0
15
0
76
29
35
80
1
56
51
6
17
4
10
95
2
69
69
76
30
25
8