71
4
41
51
9
36
84
5
0
0
1
5
14
3
27
2
16
4
4
44
8
9
5
53
9
67
54
4
7
6
14
8
40
9
7
58
4
11
35
2
23
3
1
4
6
24
0
11
10
1
12
1
12
1
15
2
10
8
16
4
71
34
3
9
1
19
4
28
49
14
8
80
2
5
9
6
14
13
60
7
55
5
5
13
13
91
5
77
7
2
7
39
39
7
85
30
3
71
34
3
9
12
96
5
25
4
57
8
15
4
9
35
13
33
9
8
3
14
3
22
77
9
28
11
7
7
8
20
1
45
2
41
2
0
37
1
42
14
32
68
27
16
44
18
3
4
5
95
7
18
85
6
29
2
57
2
1
42
99
9
72
18
58
29
14
42
28
4
30
37
9
17
6
60
36
39
2
100
60
8
57
5
17
26
18
91
29
3
9
23
30
8
18
48
83
5
83
20
5
4
42
28
64
36
13
7
18
2
39
31
10
90
15
57
7
15
19
8
3
0
9
74
7
12
31
53
8
10
21
97
2
10
83
5
0
44
5
3
65
9
31
55
53
14
2
14
77
6
19
39
42
8
78
0
17
54
43
7
0
52
37
63
24
1
16
32
17
28
28
30
81
7
3
27
70
67
0
9
3
2
8
29
76
4
5
5
13
6
1
25
71
6
24
6
7
8
81
28
99
8
12
9
8
9
9
12
10
78
27
57
3
29
7
3
32
33
24
66
6
69
5
7
16
4
2
7
12
1
28
10
26
78
3
11
53
8
27
42
36
17
61
23
79
78
3
6
35
8
12
0
3
9
6
13
5
27
13
65
16
0
14
23
99
62
60
14
25
22
9
19
9
5
86
46
23
8
2
10
2
9
4
9
100
3
15
0
8
52
30
18
1
8
10
2
1
2
5
2
33
8
4
59
22
12
17
28
19
8
8
8
57
17
3
60
54
3
2
2
5
2
10
9
74
26
90
7
26
9
10
49
7
19
4
8
70
0
9
33
1
1
9
3
9
8
3
7
15
97
100
1
25
95
2
6
8
5
3
6
3
7
91
33