7
4
4
33
55
2
4
18
44
12
28
69
9
3
0
14
100
2
4
24
9
26
8
93
43
1
8
13
5
15
47
61
1
87
1
42
6
1
59
3
84
12
8
8
4
79
5
6
4
0
14
3
58
16
2
0
24
34
15
41
47
57
9
2
5
9
10
8
17
69
9
14
3
9
20
17
59
35
3
99
4
13
3
56
9
84
1
3
72
51
19
2
2
3
71
86
4
5
85
7
2
90
10
23
5
25
2
1
7
17
49
65
2
1
8
21
21
58
27
38
8
5
4
4
10
24
16
69
32
78
59
56
8
6
35
2
0
38
100
13
81
8
0
19
12
45
2
5
0
6
70
0
20
11
15
8
90
28
58
4
16