8
5
36
94
38
34
43
2
26
6
6
22
18
0
18
12
46
15
93
4
9
2
5
0
1
80
49
33
7
18
8
28
2
2
9
8
1
3
30
59
41
47
1
0
6
88
9
3
8
22
57
7
9
4
0
0
59
21
5
66
1
6
35
98
97
6
5
52
49
17
17
3
5
1
7
4
31
2
40
13
36
36
33
30
4
6
0
45
17
70
55
0
29
6
56
69
7
2
16
6
63
26
4
19
1
55
31
66
7
2
19
44
35
4
8
42
2
71
7
5
13
6
20
7
31
100
1
64
12
100
5
16
89
78
24
10
10
15
16
2
6
17
6
9
5
41
63
0
8
25
5
3
10
40
35
3
13
31
8
13
31
2
69
6
67
1
48
11
79
16
41
33
16
7
78
22
96
10
6
7
94
7
18
16
11
5
62
5
19
44
81
59
8
1
5
34
21
1
26
1
54
10
36
6
54
10
64
10
77
12
2
3
27
0
43
5
10
99
4
90
0
13
0
8
73
2
25
33
0
54
22
9
34
9
0
8
8
8
35
29
62
65
1
2
14
42
57
28
18
82
57
5
12
14
8
28
1
17
8
0
53
2
0
12
6
5
9
4
20
60
8
7
40
15
26
33
36
63
95
2
7
10
62
10
13
1
81
19
9
9
6
3
3
7
96
30
16
6
94
6
41
5
5
13
43
38
71
47
45
1
41
21
67
90
11
8
5
15
4
15
7
7
42
5
33
53
36
39
7
9
2
38
4
5
9
5
6
8
29
0
41
5
3
8
9
34
66
55
35
21
7
80
22
5
20
1
54
8
17
1
38
40
42
5
1
1
4
1
56
11
8
7
5
21
34
13
5
98
72
4
2
5
52
85
3
1
70
2
3
8
78
18
17
31
11
6
22
83
2
3
56
2
7
25
19
7
23
25
1
48
13
13
44
38
45
25
12
38
6
20
3
26
14
7
26
1
2
4
45
45
48
1
10
41
2
45
5
9
9
50
14
56
5
11
4
19
58
31
5
55
4
16
92
4
68
25
19
15
10
18
2
6
26
12
46
2
90
44
80
23
36
9
90
3
1
11
18
8
33
72
17
6
83
5
5
3
46
12
90
2
42
31
88
22
0
3
23
50
4
2
0
5
1
88
12
8
1
12
3
22
33
8
31
41
2
64
52
58
44
0
97
3
15
88
16
5
57
3
9
23
55
8
57
7
7
0
21
10
66
0
3
2
16
10
8
90
11
5
11
3
78
9
10
85
2
11
46
9
5
14
7
6
15
13
15
9
33
9
4
1
3
17
6
6