57
12
10
1
5
8
9
81
10
67
9
8
11
1
6
14
17
1
0
45
6
4
10
6
6
49
34
48
41
62
1
14
9
3
57
9
81
38
29
1
27
32
6
16
70
21
7
83
82
8
40
5
82
22
9
98
2
5
68
9
20
5
3
6
18
76
83
29
1
9
53
12
3
95
28
43
5
8
0
8
0
16
0
89
13
6
6
32
2
7
68
14
7
80
14
70
18
13
53
5
32
88
50
6
4
2
42
26
4
24
41
23
9
37
7
29
24
15
80
10
2
18
13
1
4
9
15
29
9
13
18
10
74
22
15
14
14
54
2
2
8
10
15
0
68
2
8
9
9
21
98
0
32
80
20
12
2
3
85
37