8
9
41
19
64
7
4
1
34
86
1
18
95
94
7
50
7
82
50
18
1
9
1
48
4
8
1
18
50
6
7
18
7
82
28
18
3
17
3
39
25
6
24
28
8
5
4
9
100
17
5
4
12
2
25
12
10
82
4
2
75
8
30
0
70
4
28
3
18
21
2
45
2
8
17
59
4
83
5
62
68
14
8
8
1
4
53
14
91
2
18
2
5
22
16
10
90
4
2
30
37
2
4
14
23
32
0
6
22
0
94
4
3
6
6
32
42
34
2
9
11
3
6
10
37
2
0
72
21
19
10
56
87
5
35
4
21
29
16
12
1
7
2
20
9
9
2
66
16
15
27
7
2
4
63
24
14
77
5
48
18
27
31
4
9
11
12
1
10
14
22
9
9
62
8
82
2
59
26
12
17
14
56
7
5
44
48
5
24
7
51
82
35
10
98
66
62
68
6
17
22
74
1
1
4
9
1
33
78
2
34
9
6
4
71
16
38
1
10
36
13
1
8
9
89
7
17
23
6
35
10
6
2
4
19
2
9
4
20
80
4
42
46
34
16
95
17
36
56
7
90
62
11
5
23
78
2
33
8
1
81
4
1
67
8
90
31
7
20
7
1
33
45
7
2
6
32
26
32
5
2
6
1
47
32
5
6
3
6
1
12
9
59
7
7
7
82
4
4
29
30
21
8
4
59
21
3
4
3
3
7
7
68
7
8
58
3
2
3
6
99
83
62
15
5
3
14
11
28
44
63
37
50
2
14
7
8
14
66
20
48
31
9
30
3
12
4
22
6
0
6
7
16
6
2
34
15
6
4
11
22
31
1
4
7
2
6
11
7
6
9
21
2
6
10
2
48
10
74
1
23
3
7
13
87
74
8
27
3
42
37
17
15
0
7
42
17
4
13
37
8
56
5
0
15
24
8
61
16
25
1
42
0
4
38
64
43
81
10
3
15
19
27
8
34
18
13
78
14
6
17
11
75