100
3
37
11
45
97
9
49
4
0
30
79
81
24
5
48
3
27
12
7
83
21
8
5
40
3
21
76
12
1
8
8
2
20
6
35
7
74
32
61
99
81
11
8
20
72
2
12
60
21
2
3
18
98
11
1
3
8
6
0
1
59
4
1
20
4
9
25
13
7
2
41
6
16
2
14
17
26
8
1
5
23
11
11
28
65
11
50
31
2
19
9
13
87
51
44
58
16
11
23
59
94
7
22
44
69
98
6
73
0
8
3
0
65
5
26
4
20
6
50
34
33
11
4
9
18
18
94
7
72
75
37
10
7
4
3
22
12
97
7
28
5
14
97
42
12
18
7
55
77
6
16
6
4
9
1
23
4
28
38
0
77
3
68
2
9
88
73
1
52
17
9
98
13
14
85
26
45
34
42
15
24
25
9
74
97
3
30
1
12
13
33
1
79
11
5
38
20
3
10
64
3
7
15
72
22
4
0
14
34
26
3
43
9
9
4
2
8
83
71
7
85
4
1
75
4
3
1
28
7
13
21
27
10
5
5
4
43
19
31
4
6
13
12
77
10
0
9
2
3
42
8
2
96
17
3
1
21
5
7
22
20
14
10
61
15
6
16
9
57
3
77
2
98
79
29
6
8
72
12
20
4
35
4
1
14
13
29
16
20
18
53
64
59
23
64
50
1
6
47
3
68
13
37
13
0
17
6
95
57
14
3
76
8
2
8
14
36
8
20
62
4
45
94
38
31
1
18
37
18
14
4
5
21
4
8
66
2
1
30
54
4
36
22
3
9
51
3
1
22
76
77
5
29
82
2
66
27
2
13
3
2
48
0
19
4
9
25
17
1
9
22
3
22
55
5
24
9
13
8
16
19
28
3
42
66
10
38
68
15
7
47
19
32
95
2
3
52
1
27
23
5
36
9
2
5
6
12
2
3
48
42
1
31
4
45
50
3
14
9
82
76
32
6
38
50
63
7
69
36
9
8
34
16
4
8
9
1
25
7
5
2
7
8
3
11
2
8
67
39
12
37
9
19
16
31
11
18
7
3
9
7
16
24
21
35
2
10
5
40
9
6
54
26
1
52
31
34
7
22
5
13
24
14
13
24
56
7
42
47
16
9
60
25
13
24
7
11
19
2
9
0
3
78
94
2
12
8
21
2
42
18
50
1
1
6
21
71
3
3
7
4
62
48
13
1
30
22
6
2
6
5
32
85
7
84
1
4
10
6
28
9
4
84
5
34
41
18
84
0
28
5
65
4
15
7
0
10
11
4
2
4
6
48
24
10
78
2
0
35
98
53
2
2
40
5
4
19
35
2
1
5
1
2
80
1
2
5
3
3
1
5
46
65
15
65
17
21
21
50
0
37
2
5
9
0
9
5
58
2
5
6
27
100
38
10
1
9
10
11
2
3
15
7
11
23
37
6
33
1
4
8
4
25
3
30
8
10
25
5
1
19
2
15
17
8
19
11
49
11
30
23
25
20
12
6
23
2
75
9
6
16
4
1
5
0
12
24
59
11
27
45
33
22
11
17
15